0.00125 0.99999
0.00375 0.99999
0.00625 0.999988
0.00875 0.999986
0.01125 0.999982
0.01375 0.999977
0.01625 0.999969
0.01875 0.99996
0.02125 0.999947
0.02375 0.999931
0.02625 0.99991
0.02875 0.999883
0.03125 0.999848
0.03375 0.999805
0.03625 0.999751
0.03875 0.999684
0.04125 0.999602
0.04375 0.9995
0.04625 0.999377
0.04875 0.999228
0.05125 0.999049
0.05375 0.998835
0.05625 0.998581
0.05875 0.998281
0.06125 0.99793
0.06375 0.997522
0.06625 0.997049
0.06875 0.996504
0.07125 0.995882
0.07375 0.995174
0.07625 0.994374
0.07875 0.993474
0.08125 0.992468
0.08375 0.991349
0.08625 0.990111
0.08875 0.988749
0.09125 0.987257
0.09375 0.985631
0.09625 0.983867
0.09875 0.981961
0.10125 0.979912
0.10375 0.977717
0.10625 0.975376
0.10875 0.972889
0.11125 0.970255
0.11375 0.967476
0.11625 0.964554
0.11875 0.961491
0.12125 0.95829
0.12375 0.954955
0.12625 0.951488
0.12875 0.947895
0.13125 0.94418
0.13375 0.940346
0.13625 0.936401
0.13875 0.932347
0.14125 0.928191
0.14375 0.923938
0.14625 0.919593
0.14875 0.91516
0.15125 0.910647
0.15375 0.906057
0.15625 0.901395
0.15875 0.896667
0.16125 0.891877
0.16375 0.887031
0.16625 0.882132
0.16875 0.877185
0.17125 0.872195
0.17375 0.867164
0.17625 0.862099
0.17875 0.857001
0.18125 0.851875
0.18375 0.846725
0.18625 0.841553
0.18875 0.836363
0.19125 0.831157
0.19375 0.82594
0.19625 0.820712
0.19875 0.815478
0.20125 0.810239
0.20375 0.804998
0.20625 0.799757
0.20875 0.794518
0.21125 0.789283
0.21375 0.784055
0.21625 0.778834
0.21875 0.773623
0.22125 0.768423
0.22375 0.763235
0.22625 0.758062
0.22875 0.752905
0.23125 0.747764
0.23375 0.742641
0.23625 0.737538
0.23875 0.732454
0.24125 0.727392
0.24375 0.722353
0.24625 0.717336
0.24875 0.712344
0.25125 0.707376
0.25375 0.702434
0.25625 0.697519
0.25875 0.69263
0.26125 0.68777
0.26375 0.682937
0.26625 0.678133
0.26875 0.673359
0.27125 0.668614
0.27375 0.6639
0.27625 0.659217
0.27875 0.654565
0.28125 0.649944
0.28375 0.645356
0.28625 0.6408
0.28875 0.636276
0.29125 0.631785
0.29375 0.627328
0.29625 0.622904
0.29875 0.618514
0.30125 0.614158
0.30375 0.609837
0.30625 0.605549
0.30875 0.601297
0.31125 0.59708
0.31375 0.592897
0.31625 0.58875
0.31875 0.584639
0.32125 0.580563
0.32375 0.576524
0.32625 0.57252
0.32875 0.568553
0.33125 0.564623
0.33375 0.56073
0.33625 0.556873
0.33875 0.553054
0.34125 0.549273
0.34375 0.545529
0.34625 0.541824
0.34875 0.538158
0.35125 0.53453
0.35375 0.530942
0.35625 0.527393
0.35875 0.523885
0.36125 0.520417
0.36375 0.516991
0.36625 0.513607
0.36875 0.510266
0.37125 0.506968
0.37375 0.503714
0.37625 0.500505
0.37875 0.497343
0.38125 0.494228
0.38375 0.491161
0.38625 0.488145
0.38875 0.485179
0.39125 0.482266
0.39375 0.479408
0.39625 0.476606
0.39875 0.473862
0.40125 0.471179
0.40375 0.468558
0.40625 0.466003
0.40875 0.463516
0.41125 0.461099
0.41375 0.458756
0.41625 0.45649
0.41875 0.454303
0.42125 0.4522
0.42375 0.450182
0.42625 0.448254
0.42875 0.446419
0.43125 0.444679
0.43375 0.443037
0.43625 0.441495
0.43875 0.440054
0.44125 0.438717
0.44375 0.437483
0.44625 0.436353
0.44875 0.435325
0.45125 0.434397
0.45375 0.433566
0.45625 0.432828
0.45875 0.43218
0.46125 0.431614
0.46375 0.431127
0.46625 0.430711
0.46875 0.430359
0.47125 0.430064
0.47375 0.429821
0.47625 0.429622
0.47875 0.42946
0.48125 0.429331
0.48375 0.429229
0.48625 0.429149
0.48875 0.429086
0.49125 0.429038
0.49375 0.429001
0.49625 0.428973
0.49875 0.428951
0.50125 0.428935
0.50375 0.428922
0.50625 0.428911
0.50875 0.428903
0.51125 0.428895
0.51375 0.428889
0.51625 0.428883
0.51875 0.428877
0.52125 0.428871
0.52375 0.428865
0.52625 0.428858
0.52875 0.428852
0.53125 0.428845
0.53375 0.428838
0.53625 0.428831
0.53875 0.428824
0.54125 0.428816
0.54375 0.428808
0.54625 0.4288
0.54875 0.428792
0.55125 0.428783
0.55375 0.428774
0.55625 0.428765
0.55875 0.428755
0.56125 0.428746
0.56375 0.428736
0.56625 0.428725
0.56875 0.428715
0.57125 0.428704
0.57375 0.428693
0.57625 0.428682
0.57875 0.42867
0.58125 0.428659
0.58375 0.428647
0.58625 0.428634
0.58875 0.428622
0.59125 0.428609
0.59375 0.428596
0.59625 0.428582
0.59875 0.428568
0.60125 0.428554
0.60375 0.42854
0.60625 0.428525
0.60875 0.42851
0.61125 0.428495
0.61375 0.428479
0.61625 0.428463
0.61875 0.428446
0.62125 0.42843
0.62375 0.428412
0.62625 0.428395
0.62875 0.428376
0.63125 0.428358
0.63375 0.428339
0.63625 0.428319
0.63875 0.428299
0.64125 0.428279
0.64375 0.428258
0.64625 0.428236
0.64875 0.428214
0.65125 0.428192
0.65375 0.428168
0.65625 0.428144
0.65875 0.42812
0.66125 0.428094
0.66375 0.428068
0.66625 0.428041
0.66875 0.428014
0.67125 0.427985
0.67375 0.427956
0.67625 0.427926
0.67875 0.427895
0.68125 0.427862
0.68375 0.427829
0.68625 0.427795
0.68875 0.427759
0.69125 0.427722
0.69375 0.427684
0.69625 0.427645
0.69875 0.427604
0.70125 0.427561
0.70375 0.427517
0.70625 0.427471
0.70875 0.427423
0.71125 0.427374
0.71375 0.427321
0.71625 0.427267
0.71875 0.42721
0.72125 0.42715
0.72375 0.427087
0.72625 0.427021
0.72875 0.426951
0.73125 0.426877
0.73375 0.426798
0.73625 0.426714
0.73875 0.426623
0.74125 0.426524
0.74375 0.426417
0.74625 0.426299
0.74875 0.426168
0.75125 0.42602
0.75375 0.425853
0.75625 0.42566
0.75875 0.425435
0.76125 0.425171
0.76375 0.424859
0.76625 0.424485
0.76875 0.424035
0.77125 0.423493
0.77375 0.422839
0.77625 0.422049
0.77875 0.421098
0.78125 0.419958
0.78375 0.418598
0.78625 0.416986
0.78875 0.415091
0.79125 0.41288
0.79375 0.410325
0.79625 0.407401
0.79875 0.404089
0.80125 0.400377
0.80375 0.396261
0.80625 0.391748
0.80875 0.386855
0.81125 0.381608
0.81375 0.376047
0.81625 0.370216
0.81875 0.36417
0.82125 0.357969
0.82375 0.351676
0.82625 0.345355
0.82875 0.339072
0.83125 0.332886
0.83375 0.326855
0.83625 0.32103
0.83875 0.315453
0.84125 0.310162
0.84375 0.305185
0.84625 0.300543
0.84875 0.296248
0.85125 0.292308
0.85375 0.288721
0.85625 0.285483
0.85875 0.282583
0.86125 0.280005
0.86375 0.277733
0.86625 0.275747
0.86875 0.274024
0.87125 0.272542
0.87375 0.271278
0.87625 0.270209
0.87875 0.269313
0.88125 0.268569
0.88375 0.267956
0.88625 0.267456
0.88875 0.267053
0.89125 0.266731
0.89375 0.266476
0.89625 0.266277
0.89875 0.266123
0.90125 0.266008
0.90375 0.265925
0.90625 0.265877
0.90875 0.265881
0.91125 0.266003
0.91375 0.266442
0.91625 0.267759
0.91875 0.271396
0.92125 0.280335
0.92375 0.298553
0.92625 0.32777
0.92875 0.364646
0.93125 0.402566
0.93375 0.435796
0.93625 0.461683
0.93875 0.480231
0.94125 0.492765
0.94375 0.50089
0.94625 0.505992
0.94875 0.509111
0.95125 0.510966
0.95375 0.512035
0.95625 0.512621
0.95875 0.51292
0.96125 0.513051
0.96375 0.513096
0.96625 0.513107
0.96875 0.51313
0.97125 0.513205
0.97375 0.513362
0.97625 0.513606
0.97875 0.513972
0.98125 0.514467
0.98375 0.515085
0.98625 0.515798
0.98875 0.516558
0.99125 0.517302
0.99375 0.517954
0.99625 0.518442
0.99875 0.518714
