0.00125 2.49998
0.00375 2.49998
0.00625 2.49998
0.00875 2.49998
0.01125 2.49998
0.01375 2.49997
0.01625 2.49996
0.01875 2.49995
0.02125 2.49993
0.02375 2.49991
0.02625 2.49988
0.02875 2.49985
0.03125 2.49981
0.03375 2.49975
0.03625 2.49969
0.03875 2.49961
0.04125 2.4995
0.04375 2.49938
0.04625 2.49923
0.04875 2.49906
0.05125 2.49884
0.05375 2.49859
0.05625 2.49829
0.05875 2.49794
0.06125 2.49753
0.06375 2.49706
0.06625 2.49651
0.06875 2.49589
0.07125 2.49518
0.07375 2.49438
0.07625 2.49347
0.07875 2.49247
0.08125 2.49134
0.08375 2.4901
0.08625 2.48874
0.08875 2.48724
0.09125 2.48561
0.09375 2.48384
0.09625 2.48192
0.09875 2.47986
0.10125 2.47766
0.10375 2.47531
0.10625 2.47281
0.10875 2.47016
0.11125 2.46736
0.11375 2.46442
0.11625 2.46134
0.11875 2.45811
0.12125 2.45475
0.12375 2.45125
0.12625 2.44762
0.12875 2.44386
0.13125 2.43998
0.13375 2.43598
0.13625 2.43187
0.13875 2.42765
0.14125 2.42332
0.14375 2.4189
0.14625 2.41437
0.14875 2.40976
0.15125 2.40506
0.15375 2.40027
0.15625 2.39541
0.15875 2.39048
0.16125 2.38547
0.16375 2.3804
0.16625 2.37526
0.16875 2.37007
0.17125 2.36482
0.17375 2.35952
0.17625 2.35417
0.17875 2.34877
0.18125 2.34333
0.18375 2.33785
0.18625 2.33233
0.18875 2.32677
0.19125 2.32119
0.19375 2.31557
0.19625 2.30992
0.19875 2.30424
0.20125 2.29854
0.20375 2.29282
0.20625 2.28707
0.20875 2.2813
0.21125 2.27552
0.21375 2.26971
0.21625 2.26389
0.21875 2.25805
0.22125 2.2522
0.22375 2.24634
0.22625 2.24046
0.22875 2.23457
0.23125 2.22867
0.23375 2.22276
0.23625 2.21684
0.23875 2.21091
0.24125 2.20498
0.24375 2.19904
0.24625 2.19309
0.24875 2.18713
0.25125 2.18117
0.25375 2.17521
0.25625 2.16924
0.25875 2.16326
0.26125 2.15728
0.26375 2.1513
0.26625 2.14532
0.26875 2.13933
0.27125 2.13334
0.27375 2.12735
0.27625 2.12135
0.27875 2.11536
0.28125 2.10936
0.28375 2.10337
0.28625 2.09737
0.28875 2.09137
0.29125 2.08537
0.29375 2.07938
0.29625 2.07338
0.29875 2.06739
0.30125 2.06139
0.30375 2.0554
0.30625 2.04941
0.30875 2.04342
0.31125 2.03744
0.31375 2.03146
0.31625 2.02548
0.31875 2.0195
0.32125 2.01354
0.32375 2.00757
0.32625 2.00161
0.32875 1.99566
0.33125 1.98971
0.33375 1.98378
0.33625 1.97784
0.33875 1.97192
0.34125 1.96601
0.34375 1.96011
0.34625 1.95422
0.34875 1.94835
0.35125 1.94248
0.35375 1.93664
0.35625 1.9308
0.35875 1.92499
0.36125 1.9192
0.36375 1.91342
0.36625 1.90767
0.36875 1.90195
0.37125 1.89625
0.37375 1.89059
0.37625 1.88495
0.37875 1.87935
0.38125 1.87379
0.38375 1.86827
0.38625 1.8628
0.38875 1.85737
0.39125 1.852
0.39375 1.84669
0.39625 1.84144
0.39875 1.83626
0.40125 1.83116
0.40375 1.82613
0.40625 1.8212
0.40875 1.81636
0.41125 1.81163
0.41375 1.807
0.41625 1.8025
0.41875 1.79813
0.42125 1.79389
0.42375 1.7898
0.42625 1.78587
0.42875 1.78211
0.43125 1.77852
0.43375 1.77511
0.43625 1.7719
0.43875 1.76888
0.44125 1.76607
0.44375 1.76347
0.44625 1.76107
0.44875 1.75889
0.45125 1.75691
0.45375 1.75514
0.45625 1.75357
0.45875 1.75218
0.46125 1.75098
0.46375 1.74994
0.46625 1.74906
0.46875 1.74832
0.47125 1.74771
0.47375 1.74721
0.47625 1.74681
0.47875 1.74649
0.48125 1.74625
0.48375 1.74607
0.48625 1.74593
0.48875 1.74584
0.49125 1.74578
0.49375 1.74574
0.49625 1.74573
0.49875 1.74573
0.50125 1.74574
0.50375 1.74576
0.50625 1.74579
0.50875 1.74582
0.51125 1.74586
0.51375 1.74589
0.51625 1.74593
0.51875 1.74598
0.52125 1.74602
0.52375 1.74606
0.52625 1.7461
0.52875 1.74615
0.53125 1.74619
0.53375 1.74624
0.53625 1.74628
0.53875 1.74633
0.54125 1.74637
0.54375 1.74642
0.54625 1.74647
0.54875 1.74651
0.55125 1.74656
0.55375 1.74661
0.55625 1.74666
0.55875 1.74671
0.56125 1.74676
0.56375 1.74681
0.56625 1.74686
0.56875 1.74691
0.57125 1.74696
0.57375 1.74702
0.57625 1.74707
0.57875 1.74713
0.58125 1.74718
0.58375 1.74724
0.58625 1.7473
0.58875 1.74736
0.59125 1.74742
0.59375 1.74748
0.59625 1.74754
0.59875 1.7476
0.60125 1.74767
0.60375 1.74773
0.60625 1.7478
0.60875 1.74787
0.61125 1.74794
0.61375 1.74801
0.61625 1.74808
0.61875 1.74816
0.62125 1.74823
0.62375 1.74831
0.62625 1.74839
0.62875 1.74847
0.63125 1.74855
0.63375 1.74863
0.63625 1.74872
0.63875 1.74881
0.64125 1.7489
0.64375 1.74899
0.64625 1.74908
0.64875 1.74918
0.65125 1.74928
0.65375 1.74938
0.65625 1.74949
0.65875 1.74959
0.66125 1.7497
0.66375 1.74982
0.66625 1.74993
0.66875 1.75005
0.67125 1.75018
0.67375 1.7503
0.67625 1.75043
0.67875 1.75057
0.68125 1.75071
0.68375 1.75085
0.68625 1.751
0.68875 1.75115
0.69125 1.75131
0.69375 1.75147
0.69625 1.75164
0.69875 1.75181
0.70125 1.75199
0.70375 1.75218
0.70625 1.75238
0.70875 1.75258
0.71125 1.7528
0.71375 1.75302
0.71625 1.75325
0.71875 1.75349
0.72125 1.75374
0.72375 1.75401
0.72625 1.75429
0.72875 1.75459
0.73125 1.7549
0.73375 1.75523
0.73625 1.75559
0.73875 1.75597
0.74125 1.75638
0.74375 1.75683
0.74625 1.75732
0.74875 1.75787
0.75125 1.75849
0.75375 1.75918
0.75625 1.75998
0.75875 1.76091
0.76125 1.762
0.76375 1.76329
0.76625 1.76483
0.76875 1.76668
0.77125 1.76892
0.77375 1.77163
0.77625 1.77491
0.77875 1.77887
0.78125 1.78365
0.78375 1.78939
0.78625 1.79625
0.78875 1.8044
0.79125 1.81401
0.79375 1.82525
0.79625 1.83832
0.79875 1.85338
0.80125 1.87058
0.80375 1.89006
0.80625 1.91193
0.80875 1.93626
0.81125 1.96309
0.81375 1.9924
0.81625 2.02413
0.81875 2.05816
0.82125 2.09432
0.82375 2.13238
0.82625 2.17207
0.82875 2.21306
0.83125 2.25499
0.83375 2.29746
0.83625 2.34007
0.83875 2.38239
0.84125 2.42402
0.84375 2.46455
0.84625 2.50362
0.84875 2.54091
0.85125 2.57614
0.85375 2.60908
0.85625 2.63958
0.85875 2.66753
0.86125 2.69289
0.86375 2.71567
0.86625 2.73593
0.86875 2.75375
0.87125 2.76929
0.87375 2.7827
0.87625 2.79415
0.87875 2.80384
0.88125 2.81195
0.88375 2.81867
0.88625 2.82418
0.88875 2.82866
0.89125 2.83225
0.89375 2.83511
0.89625 2.83735
0.89875 2.83909
0.90125 2.84044
0.90375 2.84147
0.90625 2.84232
0.90875 2.84317
0.91125 2.84448
0.91375 2.84749
0.91625 2.85566
0.91875 2.87815
0.92125 2.93535
0.92375 3.05438
0.92625 3.23303
0.92875 3.42107
0.93125 3.57189
0.93375 3.67474
0.93625 3.73942
0.93875 3.77873
0.94125 3.80235
0.94375 3.81653
0.94625 3.82507
0.94875 3.83028
0.95125 3.83353
0.95375 3.83566
0.95625 3.83715
0.95875 3.83828
0.96125 3.83918
0.96375 3.8399
0.96625 3.84039
0.96875 3.84053
0.97125 3.84016
0.97375 3.83915
0.97625 3.83742
0.97875 3.83477
0.98125 3.83115
0.98375 3.82663
0.98625 3.82141
0.98875 3.81584
0.99125 3.81038
0.99375 3.80558
0.99625 3.80197
0.99875 3.79995
