0.00125 0.999984
0.00375 0.999984
0.00625 0.999982
0.00875 0.999978
0.01125 0.999972
0.01375 0.999964
0.01625 0.999953
0.01875 0.999939
0.02125 0.99992
0.02375 0.999895
0.02625 0.999863
0.02875 0.999823
0.03125 0.999771
0.03375 0.999707
0.03625 0.999626
0.03875 0.999527
0.04125 0.999404
0.04375 0.999253
0.04625 0.999071
0.04875 0.99885
0.05125 0.998586
0.05375 0.998271
0.05625 0.997897
0.05875 0.997458
0.06125 0.996944
0.06375 0.996347
0.06625 0.995657
0.06875 0.994865
0.07125 0.993961
0.07375 0.992935
0.07625 0.991778
0.07875 0.99048
0.08125 0.989031
0.08375 0.987424
0.08625 0.98565
0.08875 0.983702
0.09125 0.981573
0.09375 0.979258
0.09625 0.976752
0.09875 0.974052
0.10125 0.971155
0.10375 0.96806
0.10625 0.964767
0.10875 0.961275
0.11125 0.957588
0.11375 0.953707
0.11625 0.949637
0.11875 0.945381
0.12125 0.940944
0.12375 0.936332
0.12625 0.931552
0.12875 0.92661
0.13125 0.921513
0.13375 0.916268
0.13625 0.910883
0.13875 0.905365
0.14125 0.899723
0.14375 0.893964
0.14625 0.888096
0.14875 0.882126
0.15125 0.876063
0.15375 0.869913
0.15625 0.863685
0.15875 0.857384
0.16125 0.851018
0.16375 0.844594
0.16625 0.838118
0.16875 0.831595
0.17125 0.825033
0.17375 0.818436
0.17625 0.811809
0.17875 0.805159
0.18125 0.79849
0.18375 0.791806
0.18625 0.785111
0.18875 0.778411
0.19125 0.771709
0.19375 0.765008
0.19625 0.758312
0.19875 0.751624
0.20125 0.744948
0.20375 0.738285
0.20625 0.73164
0.20875 0.725015
0.21125 0.718411
0.21375 0.711831
0.21625 0.705277
0.21875 0.698752
0.22125 0.692257
0.22375 0.685793
0.22625 0.679363
0.22875 0.672967
0.23125 0.666607
0.23375 0.660285
0.23625 0.654001
0.23875 0.647757
0.24125 0.641554
0.24375 0.635392
0.24625 0.629272
0.24875 0.623196
0.25125 0.617164
0.25375 0.611176
0.25625 0.605233
0.25875 0.599336
0.26125 0.593485
0.26375 0.587681
0.26625 0.581924
0.26875 0.576214
0.27125 0.570552
0.27375 0.564939
0.27625 0.559373
0.27875 0.553856
0.28125 0.548387
0.28375 0.542968
0.28625 0.537597
0.28875 0.532276
0.29125 0.527004
0.29375 0.521781
0.29625 0.516607
0.29875 0.511483
0.30125 0.506408
0.30375 0.501383
0.30625 0.496408
0.30875 0.491482
0.31125 0.486605
0.31375 0.481778
0.31625 0.477
0.31875 0.472272
0.32125 0.467594
0.32375 0.462965
0.32625 0.458385
0.32875 0.453856
0.33125 0.449375
0.33375 0.444945
0.33625 0.440564
0.33875 0.436232
0.34125 0.431951
0.34375 0.427719
0.34625 0.423538
0.34875 0.419407
0.35125 0.415326
0.35375 0.411296
0.35625 0.407317
0.35875 0.403389
0.36125 0.399513
0.36375 0.395689
0.36625 0.391918
0.36875 0.3882
0.37125 0.384536
0.37375 0.380926
0.37625 0.377371
0.37875 0.373873
0.38125 0.370432
0.38375 0.367049
0.38625 0.363725
0.38875 0.360463
0.39125 0.357263
0.39375 0.354127
0.39625 0.351056
0.39875 0.348054
0.40125 0.345121
0.40375 0.34226
0.40625 0.339474
0.40875 0.336765
0.41125 0.334136
0.41375 0.331589
0.41625 0.329129
0.41875 0.326758
0.42125 0.324479
0.42375 0.322295
0.42625 0.32021
0.42875 0.318227
0.43125 0.316348
0.43375 0.314576
0.43625 0.312914
0.43875 0.311362
0.44125 0.309922
0.44375 0.308595
0.44625 0.30738
0.44875 0.306275
0.45125 0.305279
0.45375 0.304388
0.45625 0.303597
0.45875 0.302903
0.46125 0.302299
0.46375 0.301779
0.46625 0.301336
0.46875 0.300963
0.47125 0.300651
0.47375 0.300395
0.47625 0.300187
0.47875 0.30002
0.48125 0.299888
0.48375 0.299785
0.48625 0.299706
0.48875 0.299646
0.49125 0.299602
0.49375 0.29957
0.49625 0.299548
0.49875 0.299533
0.50125 0.299523
0.50375 0.299518
0.50625 0.299515
0.50875 0.299515
0.51125 0.299516
0.51375 0.299518
0.51625 0.29952
0.51875 0.299523
0.52125 0.299526
0.52375 0.299529
0.52625 0.299533
0.52875 0.299536
0.53125 0.299539
0.53375 0.299541
0.53625 0.299544
0.53875 0.299547
0.54125 0.299549
0.54375 0.299552
0.54625 0.299554
0.54875 0.299556
0.55125 0.299558
0.55375 0.29956
0.55625 0.299562
0.55875 0.299564
0.56125 0.299566
0.56375 0.299568
0.56625 0.299569
0.56875 0.299571
0.57125 0.299572
0.57375 0.299574
0.57625 0.299575
0.57875 0.299577
0.58125 0.299578
0.58375 0.29958
0.58625 0.299581
0.58875 0.299582
0.59125 0.299583
0.59375 0.299585
0.59625 0.299586
0.59875 0.299587
0.60125 0.299588
0.60375 0.29959
0.60625 0.299591
0.60875 0.299592
0.61125 0.299593
0.61375 0.299594
0.61625 0.299595
0.61875 0.299596
0.62125 0.299598
0.62375 0.299599
0.62625 0.2996
0.62875 0.299601
0.63125 0.299602
0.63375 0.299603
0.63625 0.299604
0.63875 0.299605
0.64125 0.299606
0.64375 0.299607
0.64625 0.299609
0.64875 0.29961
0.65125 0.299611
0.65375 0.299612
0.65625 0.299613
0.65875 0.299614
0.66125 0.299615
0.66375 0.299616
0.66625 0.299617
0.66875 0.299619
0.67125 0.29962
0.67375 0.299621
0.67625 0.299622
0.67875 0.299623
0.68125 0.299624
0.68375 0.299626
0.68625 0.299627
0.68875 0.299628
0.69125 0.299629
0.69375 0.29963
0.69625 0.299632
0.69875 0.299633
0.70125 0.299634
0.70375 0.299635
0.70625 0.299637
0.70875 0.299638
0.71125 0.299639
0.71375 0.299641
0.71625 0.299642
0.71875 0.299643
0.72125 0.299645
0.72375 0.299646
0.72625 0.299648
0.72875 0.299649
0.73125 0.29965
0.73375 0.299652
0.73625 0.299653
0.73875 0.299655
0.74125 0.299656
0.74375 0.299657
0.74625 0.299658
0.74875 0.299659
0.75125 0.29966
0.75375 0.299661
0.75625 0.299661
0.75875 0.299661
0.76125 0.29966
0.76375 0.299659
0.76625 0.299657
0.76875 0.299654
0.77125 0.29965
0.77375 0.299645
0.77625 0.299639
0.77875 0.299632
0.78125 0.299624
0.78375 0.299615
0.78625 0.299605
0.78875 0.299596
0.79125 0.299587
0.79375 0.299579
0.79625 0.299574
0.79875 0.299572
0.80125 0.299574
0.80375 0.299583
0.80625 0.299598
0.80875 0.29962
0.81125 0.299652
0.81375 0.299694
0.81625 0.299745
0.81875 0.299807
0.82125 0.29988
0.82375 0.299962
0.82625 0.300054
0.82875 0.300154
0.83125 0.300262
0.83375 0.300375
0.83625 0.300493
0.83875 0.300613
0.84125 0.300735
0.84375 0.300857
0.84625 0.300978
0.84875 0.301096
0.85125 0.30121
0.85375 0.301319
0.85625 0.301422
0.85875 0.30152
0.86125 0.30161
0.86375 0.301693
0.86625 0.301769
0.86875 0.301838
0.87125 0.301899
0.87375 0.301954
0.87625 0.302002
0.87875 0.302044
0.88125 0.302081
0.88375 0.302112
0.88625 0.302139
0.88875 0.302161
0.89125 0.30218
0.89375 0.302195
0.89625 0.302208
0.89875 0.30222
0.90125 0.302231
0.90375 0.302248
0.90625 0.302283
0.90875 0.302378
0.91125 0.302656
0.91375 0.303476
0.91625 0.305851
0.91875 0.312447
0.92125 0.329153
0.92375 0.364757
0.92625 0.423877
0.92875 0.498993
0.93125 0.575168
0.93375 0.640574
0.93625 0.690569
0.93875 0.725864
0.94125 0.749467
0.94375 0.764664
0.94625 0.774182
0.94875 0.780015
0.95125 0.783522
0.95375 0.785596
0.95625 0.786802
0.95875 0.787491
0.96125 0.787879
0.96375 0.788094
0.96625 0.788212
0.96875 0.788277
0.97125 0.788317
0.97375 0.78835
0.97625 0.788369
0.97875 0.788385
0.98125 0.788401
0.98375 0.788416
0.98625 0.78843
0.98875 0.788441
0.99125 0.788447
0.99375 0.788447
0.99625 0.78844
0.99875 0.788436
