0.00125 -1.91053e-06
0.00375 1.91053e-06
0.00625 6.04837e-06
0.00875 1.09334e-05
0.01125 1.68614e-05
0.01375 2.4244e-05
0.01625 3.35905e-05
0.01875 4.55217e-05
0.02125 6.07908e-05
0.02375 8.03093e-05
0.02625 0.000105175
0.02875 0.000136704
0.03125 0.000176463
0.03375 0.000226303
0.03625 0.000288393
0.03875 0.000365258
0.04125 0.000459805
0.04375 0.000575358
0.04625 0.000715677
0.04875 0.000884983
0.05125 0.00108796
0.05375 0.00132977
0.05625 0.00161603
0.05875 0.0019528
0.06125 0.00234656
0.06375 0.00280415
0.06625 0.00333271
0.06875 0.00393966
0.07125 0.00463256
0.07375 0.00541906
0.07625 0.00630682
0.07875 0.0073034
0.08125 0.00841618
0.08375 0.00965223
0.08625 0.0110183
0.08875 0.0125206
0.09125 0.0141651
0.09375 0.0159567
0.09625 0.0179002
0.09875 0.0199994
0.10125 0.0222575
0.10375 0.0246772
0.10625 0.0272603
0.10875 0.0300079
0.11125 0.0329206
0.11375 0.0359983
0.11625 0.0392403
0.11875 0.0426454
0.12125 0.046212
0.12375 0.0499379
0.12625 0.0538205
0.12875 0.057857
0.13125 0.0620441
0.13375 0.0663785
0.13625 0.0708565
0.13875 0.0754743
0.14125 0.080228
0.14375 0.0851137
0.14625 0.0901271
0.14875 0.0952643
0.15125 0.100521
0.15375 0.105894
0.15625 0.111378
0.15875 0.11697
0.16125 0.122665
0.16375 0.12846
0.16625 0.134352
0.16875 0.140336
0.17125 0.146409
0.17375 0.152568
0.17625 0.158809
0.17875 0.165129
0.18125 0.171526
0.18375 0.177995
0.18625 0.184534
0.18875 0.191141
0.19125 0.197813
0.19375 0.204546
0.19625 0.21134
0.19875 0.21819
0.20125 0.225096
0.20375 0.232055
0.20625 0.239064
0.20875 0.246122
0.21125 0.253226
0.21375 0.260375
0.21625 0.267568
0.21875 0.274801
0.22125 0.282074
0.22375 0.289385
0.22625 0.296732
0.22875 0.304114
0.23125 0.31153
0.23375 0.318977
0.23625 0.326455
0.23875 0.333962
0.24125 0.341496
0.24375 0.349058
0.24625 0.356644
0.24875 0.364255
0.25125 0.371889
0.25375 0.379544
0.25625 0.38722
0.25875 0.394916
0.26125 0.40263
0.26375 0.410362
0.26625 0.41811
0.26875 0.425873
0.27125 0.433651
0.27375 0.441442
0.27625 0.449246
0.27875 0.457061
0.28125 0.464887
0.28375 0.472722
0.28625 0.480565
0.28875 0.488416
0.29125 0.496274
0.29375 0.504138
0.29625 0.512006
0.29875 0.519878
0.30125 0.527753
0.30375 0.53563
0.30625 0.543507
0.30875 0.551385
0.31125 0.559261
0.31375 0.567135
0.31625 0.575006
0.31875 0.582872
0.32125 0.590733
0.32375 0.598588
0.32625 0.606435
0.32875 0.614273
0.33125 0.6221
0.33375 0.629917
0.33625 0.63772
0.33875 0.645509
0.34125 0.653282
0.34375 0.661038
0.34625 0.668775
0.34875 0.676491
0.35125 0.684185
0.35375 0.691854
0.35625 0.699497
0.35875 0.70711
0.36125 0.714693
0.36375 0.722242
0.36625 0.729755
0.36875 0.737228
0.37125 0.74466
0.37375 0.752045
0.37625 0.759382
0.37875 0.766665
0.38125 0.773891
0.38375 0.781055
0.38625 0.788153
0.38875 0.795179
0.39125 0.802128
0.39375 0.808993
0.39625 0.815768
0.39875 0.822446
0.40125 0.82902
0.40375 0.835481
0.40625 0.841821
0.40875 0.84803
0.41125 0.854099
0.41375 0.860019
0.41625 0.865777
0.41875 0.871364
0.42125 0.876768
0.42375 0.881978
0.42625 0.886982
0.42875 0.89177
0.43125 0.89633
0.43375 0.900652
0.43625 0.904728
0.43875 0.90855
0.44125 0.912111
0.44375 0.915407
0.44625 0.918437
0.44875 0.921201
0.45125 0.923702
0.45375 0.925946
0.45625 0.92794
0.45875 0.929697
0.46125 0.931228
0.46375 0.932549
0.46625 0.933677
0.46875 0.934629
0.47125 0.935423
0.47375 0.936078
0.47625 0.936611
0.47875 0.937039
0.48125 0.937379
0.48375 0.937644
0.48625 0.937849
0.48875 0.938003
0.49125 0.938118
0.49375 0.938201
0.49625 0.93826
0.49875 0.9383
0.50125 0.938326
0.50375 0.938342
0.50625 0.93835
0.50875 0.938353
0.51125 0.938352
0.51375 0.938349
0.51625 0.938344
0.51875 0.938338
0.52125 0.938332
0.52375 0.938326
0.52625 0.93832
0.52875 0.938314
0.53125 0.938308
0.53375 0.938303
0.53625 0.938297
0.53875 0.938293
0.54125 0.938288
0.54375 0.938284
0.54625 0.93828
0.54875 0.938277
0.55125 0.938273
0.55375 0.93827
0.55625 0.938267
0.55875 0.938264
0.56125 0.938262
0.56375 0.93826
0.56625 0.938258
0.56875 0.938256
0.57125 0.938254
0.57375 0.938252
0.57625 0.93825
0.57875 0.938249
0.58125 0.938248
0.58375 0.938246
0.58625 0.938245
0.58875 0.938244
0.59125 0.938243
0.59375 0.938242
0.59625 0.938241
0.59875 0.938241
0.60125 0.93824
0.60375 0.938239
0.60625 0.938239
0.60875 0.938238
0.61125 0.938238
0.61375 0.938237
0.61625 0.938237
0.61875 0.938237
0.62125 0.938237
0.62375 0.938236
0.62625 0.938236
0.62875 0.938236
0.63125 0.938236
0.63375 0.938236
0.63625 0.938236
0.63875 0.938236
0.64125 0.938236
0.64375 0.938236
0.64625 0.938236
0.64875 0.938236
0.65125 0.938237
0.65375 0.938237
0.65625 0.938237
0.65875 0.938237
0.66125 0.938238
0.66375 0.938238
0.66625 0.938238
0.66875 0.938239
0.67125 0.938239
0.67375 0.93824
0.67625 0.93824
0.67875 0.938241
0.68125 0.938241
0.68375 0.938242
0.68625 0.938242
0.68875 0.938243
0.69125 0.938244
0.69375 0.938244
0.69625 0.938245
0.69875 0.938246
0.70125 0.938247
0.70375 0.938247
0.70625 0.938248
0.70875 0.938249
0.71125 0.93825
0.71375 0.938251
0.71625 0.938252
0.71875 0.938254
0.72125 0.938255
0.72375 0.938256
0.72625 0.938258
0.72875 0.938259
0.73125 0.938261
0.73375 0.938263
0.73625 0.938265
0.73875 0.938268
0.74125 0.938271
0.74375 0.938274
0.74625 0.938278
0.74875 0.938283
0.75125 0.93829
0.75375 0.938297
0.75625 0.938307
0.75875 0.938319
0.76125 0.938334
0.76375 0.938353
0.76625 0.938376
0.76875 0.938404
0.77125 0.938438
0.77375 0.93848
0.77625 0.93853
0.77875 0.93859
0.78125 0.938659
0.78375 0.938739
0.78625 0.938831
0.78875 0.938934
0.79125 0.939049
0.79375 0.939174
0.79625 0.939309
0.79875 0.939451
0.80125 0.939599
0.80375 0.93975
0.80625 0.9399
0.80875 0.940046
0.81125 0.940184
0.81375 0.94031
0.81625 0.94042
0.81875 0.940509
0.82125 0.940575
0.82375 0.940614
0.82625 0.940624
0.82875 0.940603
0.83125 0.940549
0.83375 0.940464
0.83625 0.940347
0.83875 0.9402
0.84125 0.940027
0.84375 0.939829
0.84625 0.939612
0.84875 0.93938
0.85125 0.939136
0.85375 0.938886
0.85625 0.938634
0.85875 0.938385
0.86125 0.938143
0.86375 0.93791
0.86625 0.937689
0.86875 0.937484
0.87125 0.937295
0.87375 0.937123
0.87625 0.936969
0.87875 0.936832
0.88125 0.936713
0.88375 0.936609
0.88625 0.936521
0.88875 0.936447
0.89125 0.936385
0.89375 0.936334
0.89625 0.936292
0.89875 0.936256
0.90125 0.936221
0.90375 0.936171
0.90625 0.936063
0.90875 0.935765
0.91125 0.934885
0.91375 0.932288
0.91625 0.92478
0.91875 0.904147
0.92125 0.853363
0.92375 0.751922
0.92625 0.601641
0.92875 0.43791
0.93125 0.296975
0.93375 0.192395
0.93625 0.121102
0.93875 0.0747549
0.94125 0.0454584
0.94375 0.0272838
0.94625 0.0161746
0.94875 0.00947548
0.95125 0.00549043
0.95375 0.00315342
0.95625 0.00180305
0.95875 0.00103383
0.96125 0.000599939
0.96375 0.000353872
0.96625 0.000207929
0.96875 0.000110737
0.97125 3.44348e-05
0.97375 -3.42748e-05
0.97625 -0.000107216
0.97875 -0.000181742
0.98125 -0.000254139
0.98375 -0.000316924
0.98625 -0.000360594
0.98875 -0.00037572
0.99125 -0.000355358
0.99375 -0.00029705
0.99625 -0.000204526
0.99875 -7.53039e-05
